Car 87.04 453.906288 142.08 471.832074
Car 149.12 461.58867899999996 213.12 480.154716
Car 220.8 473.11257600000005 277.76 491.6786129999999
Car 281.6 475.672959 343.04 494.23899600000004
Car 365.44 382.843395 469.12 414.21321
Car 430.72 401.409432 494.08 427.65786
Car 508.16 384.123897 570.24 416.77421400000003
Car 526.72 461.58867899999996 579.2 480.154716
Car 561.92 362.996856 632.96 414.21321
Car 586.88 453.906288 641.92 473.11257600000005
Car 641.92 451.985535 686.72 465.43018500000005
Car 688.0 440.461638 732.8 460.308177
Bus 483.84 529.450317 636.16 601.153461
Bus 949.76 294.49496700000003 977.28 309.85974899999997
