2 0.546875 0.910309 0.14875 0.11546400000000001
2 0.9409375 0.486598 0.026874999999999982 0.024741999999999875
0 0.111875 0.7453609999999999 0.053750000000000006 0.028865999999999947
0 0.176875 0.7582475 0.0625 0.029897000000000062
0 0.2434375 0.7768045 0.05562499999999998 0.02989699999999984
0 0.30500000000000005 0.7809275 0.06 0.029897000000000062
0 0.4075 0.6417525 0.10125 0.05051499999999998
0 0.4515625 0.6675260000000001 0.06187499999999996 0.04226800000000008
0 0.5265625 0.6448455 0.060624999999999984 0.052576999999999985
0 0.54 0.7582475 0.05125000000000002 0.029897000000000062
0 0.5834375 0.6257729999999999 0.06937500000000008 0.08247400000000005
0 0.6 0.746392 0.053749999999999964 0.030928000000000067
0 0.6487499999999999 0.7386600000000001 0.04375000000000007 0.021650000000000058
0 0.69375 0.7252575 0.043749999999999956 0.03195900000000007
