1 0.092083 0.7800750000000001 0.16749999999999998 0.35463600000000006
1 0.09125 0.54198 0.0825 0.14661600000000002
1 0.2358335 0.475564 0.06666699999999998 0.12405999999999989
1 0.2704165 0.432331 0.060833000000000026 0.115288
1 0.3125 0.6309524999999999 0.07499999999999996 0.18671700000000002
1 0.3541665 0.510025 0.07833299999999999 0.14536399999999994
1 0.3666665 0.379073 0.05166700000000002 0.10150399999999998
1 0.3954165 0.43797 0.07916699999999999 0.12155400000000005
1 0.455 0.395363 0.068334 0.10401000000000005
1 0.48124999999999996 0.34774400000000005 0.04083399999999998 0.10150399999999998
1 0.5208335 0.3126565 0.026667000000000107 0.09398499999999999
1 0.55375 0.3477445 0.03583400000000003 0.10902300000000004
1 0.625 0.780702 0.13666599999999995 0.32330800000000004
