1 0.1903125 0.069167 0.05937500000000001 0.09000000000000001
1 0.2021875 0.049583499999999996 0.049375 0.09416699999999999
1 0.26375 0.034583499999999996 0.03749999999999998 0.06916699999999999
1 0.27437500000000004 0.040833499999999995 0.04375000000000001 0.08166699999999999
1 0.5178125 0.4333335 0.130625 0.208333
1 0.5940624999999999 0.39749999999999996 0.12812499999999993 0.19166599999999995
1 0.7406250000000001 0.442917 0.16000000000000003 0.21750000000000003
1 0.8009375 0.39541649999999995 0.130625 0.17416700000000002
0 0.1175 0.0975 0.235 0.195
0 0.291875 0.21875 0.465 0.43083400000000005
0 0.8353125 0.199583 0.328125 0.2825
